108
115
163
108
146
199
188
107
107
168
139
169
100
102
154
156
129
165
104
128
124
186
109
105
143
147
125
159
115
130
103
185
176
165
147
117
123
190
182
171
140
179
149
181
194
140
182
176
149
111
186
173
169
169
141
146
143
110
132
102
158
179
187
126
182
151
117
158
167
193
138
130
162
104
161
119
127
122
125
185
157
118
110
124
130
122
142
172
125
165
118
136
144
118
142
198
113
136
148
142
152
108
195
177
160
148
149
165
156
121
137
185
158
164
102
156
109
136
165
128
188
134
153
171
176
111
154
171
190
150
174
152
162
100
142
177
159
198
196
187
199
170
186
145
190
152
161
126
190
192
162
186
162
126
148
162
150
117
170
198
197
136
162
180
178
129
154
147
165
193
164
123
138
141
167
170
191
158
158
177
158
131
128
199
186
125
106
100
128
107
172
148
191
102
178
112
159
193
161
144
164
138
